LINESTRING (13.33625060018511 52.513794999839433, 13.33636080041066 52.514015000092229, 13.336459799580155 52.514208500022335, 13.336642200077506 52.51456560012241) 
LINESTRING (13.327907700180276 52.504759299901821, 13.327957299589741 52.504766300224617, 13.328125999815086 52.504790199707998, 13.32833610033083 52.504829599906145, 13.328632800163632 52.504893500334845, 13.328881899779901 52.504953000380738, 13.329115899779026 52.505017599582629, 13.329315900008851 52.505082900255672, 13.329515699689864 52.5051558002001) 
LINESTRING (13.33523949960329 52.511807900114547, 13.335497200335567 52.512303699955851, 13.33553549976358 52.512381399581955) 
LINESTRING (13.335977899660406 52.513253300399526, 13.336117200148692 52.513531100080286, 13.33625060018511 52.513794999839433) 
LINESTRING (13.316806108716426 52.505233130047678, 13.317085300046585 52.50521749998768) 
LINESTRING (13.317085300046585 52.50521749998768, 13.31737129974573 52.505199900255263, 13.317656400122814 52.505183799692645) 
LINESTRING (13.319642200327337 52.505071799923655, 13.31990550023869 52.50505739997908, 13.320159400436012 52.505043599882299) 
LINESTRING (13.320159400436012 52.505043599882299, 13.322045900198191 52.504933299831976) 
LINESTRING (13.322045900198191 52.504933299831976, 13.322514000021158 52.50491179973983) 
LINESTRING (13.322514000021158 52.50491179973983, 13.322762499789576 52.504896100274834, 13.322971799908714 52.504882800201131) 
LINESTRING (13.322971799908714 52.504882800201131, 13.323568199712668 52.504847300362655) 
LINESTRING (13.323568199712668 52.504847300362655, 13.325427399654814 52.504741399795819) 
LINESTRING (13.325427399654814 52.504741399795819, 13.325790000008567 52.504719100206387) 
LINESTRING (13.325790000008567 52.504719100206387, 13.32654070009329 52.50468110025264, 13.326853299939899 52.504679500358691, 13.327164799915636 52.504692800432451, 13.32756630044446 52.504721600321659) 
LINESTRING (13.32756630044446 52.504721600321659, 13.327907700180276 52.504759299901821) 
LINESTRING (13.33027919982527 52.505529499986494, 13.33059550038206 52.505740099625939) 
LINESTRING (13.329515699689864 52.5051558002001, 13.329770099910206 52.505264100158172, 13.329986099978555 52.50536930015312, 13.330143799696657 52.505451499986805, 13.33027919982527 52.505529499986494) 
LINESTRING (13.331210900162944 52.506263399836087, 13.33181080012838 52.506942000373101) 
LINESTRING (13.33329549988747 52.508771299655791, 13.333476000117344 52.508977399987089) 
LINESTRING (13.333476000117344 52.508977399987089, 13.333614400384306 52.509136900147894, 13.333818999747109 52.509376500225358, 13.334013999746333 52.509626500063007, 13.334052300073665 52.50967939998435, 13.334215900243635 52.509908899775951, 13.334303899805207 52.510036599909199, 13.334419200086074 52.510221899820863, 13.334917400217876 52.511177700190785, 13.334946299931858 52.511233100227457) 
LINESTRING (13.340374200409087 52.518396700347523, 13.340654067223221 52.518653270599309) 
LINESTRING (13.334946299931858 52.511233100227457, 13.33523949960329 52.511807900114547) 
LINESTRING (13.33553549976358 52.512381399581955, 13.335689800044292 52.512682200323354) 
LINESTRING (13.335689800044292 52.512682200323354, 13.335977899660406 52.513253300399526) 
LINESTRING (13.337148399678938 52.515344000225468, 13.337029100112943 52.515172100212283, 13.336923599744409 52.514995500342138, 13.336773400372181 52.514701600098817) 
LINESTRING (13.337093700214155 52.515358099796515, 13.337183400393656 52.515472599680777, 13.337278900301044 52.515585399846373, 13.337420700005339 52.515735199919618, 13.337589699704949 52.515894600255649, 13.337763699635104 52.516052100324202, 13.338109800127199 52.516367399935632, 13.33824749982233 52.516488300294895, 13.338415000352029 52.516632799763954, 13.338876400225729 52.517054099766938, 13.338994400271417 52.517161799877215) 
LINESTRING (13.336996200214514 52.515384199920959, 13.336867199661583 52.515228100096806, 13.336778100229196 52.515108099958923, 13.336719500404683 52.515021200268222, 13.336628599630217 52.514880399710705, 13.336541100091722 52.514722299794357) 
LINESTRING (13.337198099812497 52.515330399778179, 13.33728450037944 52.515436800368093, 13.337340299715095 52.515505499579206, 13.3374997998759 52.5156771999429, 13.337639300013734 52.51581129965183, 13.337774799967121 52.515933500430776, 13.338058599924523 52.516190200217636, 13.338395100153775 52.516490099838279, 13.338548600037939 52.516638200192858, 13.338931999911892 52.516985700030091, 13.339048499888406 52.517091300223399) 
LINESTRING (13.320640099760851 52.505125199868132, 13.320441499775427 52.505141699729734, 13.32017640032069 52.505158599789581, 13.319730600087155 52.505183500218436, 13.319010199960815 52.505223299715567, 13.318563700054767 52.505246000402678, 13.318110299650641 52.505267799969033, 13.318011699780186 52.505268999664679, 13.317885700264924 52.505273300222655, 13.317675900122765 52.505277699706141) 
LINESTRING (13.316395189066817 52.512250369568683, 13.317918899637561 52.512355400181605) 
LINESTRING (13.33055979999483 52.505554500240066, 13.330963100067038 52.505829899630214, 13.331126899886556 52.50594979994338) 
LINESTRING (13.334492199855163 52.510210500014637, 13.334324899874275 52.509879400214174, 13.334198900359013 52.509664699666189, 13.334155499976418 52.509590799675721) 
LINESTRING (13.33669960020643 52.514561099914886, 13.336519099976556 52.514203800165319, 13.336368100207721 52.513905600263286, 13.336313999691356 52.513801099940849) 
LINESTRING (13.33647030006432 52.514586100168458, 13.336377499921753 52.514405599938527, 13.336286699871323 52.514225699556448, 13.336199200332885 52.514045399875386, 13.336118100370072 52.513851100447994, 13.336080100416325 52.513746699950275) 
LINESTRING (13.340455400196618 52.518351500421488, 13.340798135847797 52.518661369858243) 
LINESTRING (13.340591153036913 52.518649733685649, 13.340334999860431 52.518418499913878) 
LINESTRING (13.340334999860431 52.518418499913878, 13.339629800075272 52.517792399999337, 13.339348799707409 52.517529500286287, 13.339149500049416 52.517357000425307) 
LINESTRING (13.340730433081438 52.518657563739893, 13.340413700431952 52.5183747002323) 
LINESTRING (13.340413700431952 52.5183747002323, 13.33971290013028 52.517748600317702, 13.339420300306642 52.517475299945204, 13.339211500210638 52.517294100042761) 
LINESTRING (13.33675569991567 52.514555300186998, 13.336830099929216 52.514700900426249) 
LINESTRING (13.336830099929216 52.514700900426249, 13.336972799854891 52.514983200314475, 13.337083500103518 52.515159399986374, 13.337198099812497 52.515330399778179) 
LINESTRING (13.336773400372181 52.514701600098817, 13.33669960020643 52.514561099914886) 
LINESTRING (13.336712500081887 52.514704899711433, 13.336860899910675 52.514989000042362, 13.336908799601474 52.515076499580857, 13.336986599951672 52.515203500041537, 13.337093700214155 52.515358099796515) 
LINESTRING (13.336541100091722 52.514722299794357, 13.33647030006432 52.514586100168458) 
LINESTRING (13.33203710013214 52.507480900223413, 13.332497099761383 52.507912099963505) 
LINESTRING (13.332231199909984 52.507475399969792, 13.332497099761383 52.507912099963505) 
LINESTRING (13.332497099761383 52.507912099963505, 13.332585600245295 52.508021899990752, 13.332904999865889 52.50841159961567, 13.33323459959712 52.508793100121522) 
LINESTRING (13.33323459959712 52.508793100121522, 13.333416800445036 52.508999499927029) 
LINESTRING (13.333416800445036 52.508999499927029, 13.333553400269238 52.509156499972562, 13.333757299959473 52.509392400239108, 13.333818200249766 52.509462800068206, 13.333855399806907 52.509505800252555) 
LINESTRING (13.336642200077506 52.51456560012241, 13.336712500081887 52.514704899711433) 
LINESTRING (13.339048499888406 52.517091300223399, 13.339247699721625 52.517265700351857) 
LINESTRING (13.339247699721625 52.517265700351857, 13.339446699905352 52.517443800291232, 13.339750099687421 52.517726399653668, 13.340455400196618 52.518351500421488) 
LINESTRING (13.339211500210638 52.517294100042761, 13.339025599551803 52.517124999619114) 
LINESTRING (13.339025599551803 52.517124999619114, 13.338496100314842 52.51666140000367, 13.338322300034179 52.516488499944387, 13.338008100293621 52.516210499714816, 13.337727199750532 52.515955100347639, 13.337588400184586 52.515828699734755, 13.337456299668531 52.515699500431651, 13.337291999825993 52.515524200081813, 13.337234999895372 52.515452599657806, 13.337148399678938 52.515344000225468) 
LINESTRING (13.338994400271417 52.517161799877215, 13.339180800053953 52.517327400139436) 
LINESTRING (13.339180800053953 52.517327400139436, 13.339382900200746 52.517499399977396, 13.339670700342595 52.517769200188468, 13.340374200409087 52.518396700347523) 
LINESTRING (13.339149500049416 52.517357000425307, 13.338965899856419 52.517191300338311) 
LINESTRING (13.338965899856419 52.517191300338311, 13.338811899949292 52.517052900071349, 13.338412500236757 52.51669410025255, 13.338193599854776 52.516491099884433, 13.337952999731215 52.516277400281865, 13.337807000192981 52.516151399867283, 13.337666699658485 52.5160213003428, 13.337356900300733 52.515756299813461, 13.33721089986318 52.515606700289027, 13.337102199706806 52.515496300413986, 13.336996200214514 52.515384199920959) 
LINESTRING (13.317093099866725 52.505283899632332, 13.316802871657828 52.505288409019002) 
LINESTRING (13.317079899617738 52.505178199614249, 13.316918500088775 52.505187200029297, 13.316808439279505 52.50519333122238) 
LINESTRING (13.317076299631594 52.50514040020937, 13.317672499786113 52.505112700191034) 
LINESTRING (13.316810621684136 52.505156062486179, 13.316913700406985 52.505149999572893, 13.317076299631594 52.50514040020937) 
LINESTRING (13.322739999651333 52.504862499804574, 13.323068700060503 52.504828099836971) 
LINESTRING (13.323580300090839 52.504812099998446, 13.323039400148275 52.504847300362655) 
LINESTRING (13.323054399940645 52.504807699615696, 13.323482200243404 52.504784300155393, 13.323629000178244 52.504776199961725) 
LINESTRING (13.323039400148275 52.504847300362655, 13.322739999651333 52.504862499804574, 13.32251030021024 52.504874100159668) 
LINESTRING (13.323629000178244 52.504776199961725, 13.324157199894898 52.504743700261599, 13.325415400000736 52.504676600045116, 13.3257847003037 52.504656099999067, 13.326532599899622 52.504622799902336, 13.326857099575534 52.504616500151428, 13.327172499911001 52.504624999644079, 13.32755710037992 52.504657400418751, 13.327916699696004 52.504691300363277, 13.328145999838057 52.504724300086423, 13.328403599846297 52.504772199777278, 13.328670700292662 52.504831599998397, 13.328923300070301 52.504890699845987, 13.329076600304916 52.504932399610595, 13.329160999880287 52.504955399771916, 13.329365699967127 52.505021499942302, 13.329569300183095 52.505093100366366, 13.329763200311504 52.505172399886419, 13.329947199803485 52.505251899955283, 13.330415900373566 52.505477000263397, 13.33055979999483 52.505554500240066) 
LINESTRING (13.323068700060503 52.504828099836971, 13.323482200243404 52.504784300155393) 
LINESTRING (13.317672499786113 52.505112700191034, 13.318024200356604 52.505091899771401, 13.31803739970627 52.505091200098832, 13.319713700027307 52.504992200030074, 13.320177900389865 52.504965500057835, 13.322043400082919 52.504868900279575, 13.322505700177942 52.504841899933808) 
LINESTRING (13.317675900122765 52.505277699706141, 13.317093099866725 52.505283899632332) 
LINESTRING (13.317673200357945 52.505147000333864, 13.317079899617738 52.505178199614249) 
LINESTRING (13.317656400122814 52.505183799692645, 13.317998399706426 52.505164699891054, 13.318483600138109 52.50513720042153, 13.318956200168543 52.505109799877403, 13.31929759990436 52.505090899725303, 13.319642200327337 52.505071799923655) 
LINESTRING (13.325098100297168 52.504727700423075, 13.324157199894898 52.504743700261599) 
LINESTRING (13.336041800089049 52.513257500233522, 13.335744500408396 52.512670400318768, 13.335592499694144 52.512371499844903, 13.335252900401088 52.511699899630742, 13.335236799838469 52.511667899953693) 
LINESTRING (13.335189900193768 52.511820399791645, 13.334893400010458 52.511243199614, 13.334555200062482 52.510576399980948, 13.334428699624823 52.5103429000049, 13.334360299887976 52.510228900143659, 13.334250999883807 52.510065600347218, 13.334145399690499 52.509925399637552, 13.333915499700595 52.509650799744691, 13.333705599733662 52.509411599865473, 13.333495099918991 52.50917080009242, 13.333360500186984 52.50901899992698, 13.333176899993987 52.508810600029221, 13.332844999796976 52.508428300026083, 13.332513700347022 52.508043099709312, 13.33203710013214 52.507480900223413, 13.332012900275174 52.507449200020631) 
LINESTRING (13.336102599655305 52.513259100127414, 13.336379099815645 52.513806600194471) 
LINESTRING (13.336313999691356 52.513801099940849, 13.336041800089049 52.513257500233522) 
LINESTRING (13.336080100416325 52.513746699950275, 13.336008300342826 52.513537700204779, 13.335903899845164 52.513245600404161) 
LINESTRING (13.336379099815645 52.513806600194471, 13.336423600069111 52.513894999954346, 13.336572999944053 52.514194199902477, 13.33675569991567 52.514555300186998) 
LINESTRING (13.322927900402306 52.511324400300907, 13.323649799698558 52.510775300339901, 13.325565399723473 52.509417500317454, 13.325723299990329 52.509301799838227, 13.32583939976854 52.509230099589502, 13.326050500330382 52.509109200129558, 13.326747799571365 52.508802300186062, 13.327384499794903 52.508498100007387, 13.328012499976921 52.508213800026908, 13.32829239957465 52.508084400174994, 13.328568399711912 52.507958899783432, 13.329111500295539 52.507717299613716, 13.330191899936267 52.507212899555725, 13.330957099790396 52.506867700184273) 
LINESTRING (13.335965167560493 52.505044871712705, 13.335854699734682 52.505090899725303, 13.335697099841354 52.505139199614405, 13.335609999601843 52.505154800153946, 13.335517900031107 52.505167399655818, 13.335271400354884 52.50518800042596, 13.33504010012058 52.505210999687961, 13.33487609975225 52.505229999664834, 13.334759599775737 52.505252499803078, 13.334651299817665 52.505278199729162, 13.334408199578775 52.505345700144005, 13.334169899920994 52.505423299945392) 
LINESTRING (13.330957099790396 52.506867700184273, 13.331157000195446 52.506774099645042, 13.331762400414505 52.506493399650708) 
LINESTRING (13.322505700177942 52.504841899933808, 13.323054399940645 52.504807699615696) 
LINESTRING (13.32251030021024 52.504874100159668, 13.322047199718554 52.504900200284055, 13.320172400136187 52.505001800292916, 13.319700999801341 52.505029500311252, 13.318042800135174 52.505125600066435, 13.318028900213619 52.505126399563721, 13.317673200357945 52.505147000333864) 
LINESTRING (13.334492199855163 52.510210500014637, 13.334272800349481 52.509887799882108, 13.334123399575276 52.50967980018271, 13.334073399967508 52.509610100026123, 13.333879999862177 52.509361799907197, 13.333676500370245 52.509116499926563, 13.333164299592795 52.508531099730533, 13.332750099737382 52.508008799566483, 13.332325699771275 52.507435800122153, 13.331904100294025 52.506903799870543, 13.331473399677691 52.506419999683317, 13.331382099604241 52.506330300403079) 
LINESTRING (13.330102000107274 52.505366200190053, 13.329870900421781 52.505259299577062, 13.329736899638249 52.505199000033883, 13.329543299883426 52.505122099905066, 13.329342000133238 52.50505210027427, 13.32914020036003 52.504986000103884, 13.328903200222555 52.504920700330104, 13.328651200292711 52.504860899910682, 13.328354499560533 52.504797799878588, 13.328139000414581 52.504757500358437, 13.327914499954261 52.504726099629863, 13.327552399623585 52.50468549973607, 13.327163100196969 52.504658100091319, 13.326853299939899 52.504647399957605, 13.326535600037971 52.504649999897651, 13.325787099694935 52.504685100437086) 
LINESTRING (13.33055979999483 52.505554500240066, 13.330992200329831 52.505810799828623, 13.331165300038606 52.505927899652875, 13.331482800291042 52.506157299619758, 13.33159990011535 52.506241899743941) 
LINESTRING (13.335361999856445 52.511803999754818, 13.335574300113933 52.512217800311305, 13.335611100372034 52.51228899963769, 13.335648299929176 52.512361600107795, 13.335803399707174 52.512655799825382, 13.336102599655305 52.513259100127414) 
LINESTRING (13.331126899886556 52.50594979994338, 13.331412399562623 52.506197100016209, 13.331481599696133 52.506257000260405, 13.332102200256372 52.506825899695571, 13.332217399813203 52.506942200022593, 13.332313200094177 52.50705660008208, 13.332542500236229 52.507362800353008, 13.332962200345321 52.507904899991217, 13.333733500300866 52.508901099706065, 13.333856600401816 52.509065299723829, 13.334039599847699 52.509317699852033, 13.334210200340522 52.509577299952468, 13.334278199879066 52.509692799882885, 13.334380399735721 52.509866100140471) 
LINESTRING (13.334380399735721 52.509866100140471, 13.3346321001913 52.510373899635795, 13.334739400103274 52.510578099699615) 
LINESTRING (13.334443700316569 52.509850600325024, 13.334596800002373 52.51020079992702, 13.334739400103274 52.510578099699615) 
LINESTRING (13.331083100204978 52.505979000030891, 13.330920699730541 52.505849600178976, 13.330702400095731 52.505697299990459, 13.330385300041598 52.505509199589937, 13.330102000107274 52.505366200190053) 
LINESTRING (13.331382099604241 52.506330300403079, 13.331309300383964 52.506262299965215, 13.331033999919214 52.506005399629544, 13.330879599813727 52.505876899999009, 13.330662999897584 52.505717499662921, 13.330373000013992 52.505520200097237, 13.330102000107274 52.505366200190053) 
LINESTRING (13.33159990011535 52.506241899743941, 13.332256700186633 52.506760900295376, 13.332389100176897 52.506879500188859, 13.332502600015005 52.507003499611869, 13.33273800025853 52.507310500279402, 13.333146699860379 52.507854099986787, 13.333735100194758 52.508633699785491, 13.333980599824883 52.509032499650175, 13.334135099755088 52.50929430039173, 13.334289499860574 52.509558200150877, 13.334353199740406 52.509679099610821, 13.334443700316569 52.509850600325024) 
LINESTRING (13.334155499976418 52.509590799675721, 13.333977900060063 52.509328800184051, 13.333792100125379 52.509079400194196, 13.333668300351803 52.508919300185596, 13.333487499748344 52.508689099822163, 13.332906599759838 52.507925599686757, 13.332488399719921 52.50738069955969, 13.332258999753094 52.507066200344923, 13.33216850007625 52.506959199907214, 13.332053000145891 52.506850300101348, 13.331857199750004 52.506676499820685, 13.331708200073422 52.50653820027776, 13.331445800383449 52.506303800080389, 13.331361899931778 52.506228700394274, 13.331083100204978 52.505979000030891) 
LINESTRING (13.330884100021251 52.506134300357758, 13.330680999828303 52.505920099832792, 13.330526200423833 52.505772200027081, 13.330233599700932 52.50555810022621, 13.330106000291721 52.505474000125048, 13.32995809958669 52.505390999894757, 13.329696500293323 52.505269300038208, 13.329488999717626 52.505181900324487, 13.329293399870551 52.50511120012186, 13.329092500318666 52.505047699891463, 13.328860200038264 52.50498240011774, 13.328613800186758 52.504924699615231, 13.32831310016951 52.504860999735399, 13.328113900336291 52.504825599721698, 13.327912300212517 52.504795899611111, 13.327559899969458 52.504756899611266, 13.327153099735824 52.504724899934217, 13.326851500396458 52.504712699731385, 13.326542499636673 52.504714599998863, 13.325792799598048 52.50475169973123, 13.325431499664035 52.504774100044756, 13.323535600187824 52.504882800201131, 13.322975899917878 52.504913399633722, 13.322518199855097 52.504938399887294) 
LINESTRING (13.33059550038206 52.505740099625939, 13.330777099583543 52.505868299782264, 13.331010700283628 52.506074099739976, 13.331210900162944 52.506263399836087) 
LINESTRING (13.332012900275174 52.507449200020631, 13.331532100226298 52.506869599552431, 13.330884100021251 52.506134300357758) 
LINESTRING (13.33181080012838 52.506942000373101, 13.331951800335389 52.507121499657558, 13.332231199909984 52.507475399969792, 13.33265950023582 52.508004699557318, 13.332966300354542 52.508389800049315, 13.33329549988747 52.508771299655791) 
LINESTRING (13.337666699658485 52.5160213003428, 13.337824400275906 52.516144699918016, 13.337897800243354 52.516200599977765, 13.338109800127199 52.516367399935632) 
LINESTRING (13.338415000352029 52.516632799763954, 13.338811899949292 52.517052900071349) 
LINESTRING (13.335007100397434 52.511103400001957, 13.335127599659074 52.511464399562442) 
LINESTRING (13.335236799838469 52.511667899953693, 13.335574300113933 52.512217800311305) 
LINESTRING (13.334169899920994 52.505423299945392, 13.333885199742213 52.50553560008791, 13.332574099714975 52.506140799758157, 13.331783799782556 52.506509600038044) 
LINESTRING (13.331762400414505 52.506493399650708, 13.332329399582193 52.506219500329735, 13.333577299752619 52.505642499801581, 13.333857399899159 52.505512000078795, 13.334156800396045 52.505403999594932) 
LINESTRING (13.33425810003132 52.508784099706475, 13.333664700365659 52.50797319990329, 13.333068799685407 52.507163599620469, 13.332485000282588 52.506383999821765, 13.332027999892318 52.505968799920254) 
LINESTRING (13.342313199894306 52.517013999896221, 13.342356499552864 52.516733200077169, 13.342383300249139 52.516119500014952, 13.342270599908318 52.515482899616188, 13.341868299882208 52.514601500159131, 13.341503499786711 52.51412489994425, 13.341144100120175 52.51367110024114, 13.340511099707555 52.513037800354255, 13.339754699719663 52.512453400204322, 13.339046599620929 52.512029000238215, 13.338252699702366 52.511614300359724, 13.336369799926388 52.510585900419017, 13.335747499647425 52.510174500153141, 13.335114500134125 52.509629299652488, 13.334379600238435 52.50874780037077) 
LINESTRING (13.331783799782556 52.506509600038044, 13.331181100227639 52.506795999935491, 13.330261100069777 52.50722149977247, 13.329231000410402 52.507693300305618, 13.328355200132421 52.508094000437836, 13.326848600082883 52.508795600236795, 13.326083400228811 52.509140900332341, 13.325711699635292 52.509375600003978, 13.324926800131777 52.509929100347733, 13.323698999809039 52.510793099721809, 13.32290020038397 52.511380300360599) 
LINESTRING (13.328912699761361 52.511375399954773, 13.32877359982183 52.511186800430551, 13.328663100122014 52.511030900255889) 
LINESTRING (13.341953385732802 52.518726315768426, 13.341958099886426 52.518701299825182) 
LINESTRING (13.334156800396045 52.505403999594932, 13.33439169971723 52.50532510027324, 13.334635499628632 52.505258199706191, 13.334743199738909 52.505233099627901, 13.334866500388728 52.505208100273649, 13.335040299770071 52.505185899609614, 13.335270900331807 52.505164000218485, 13.335514899892758 52.505145400439915, 13.335600699712586 52.505134099559086, 13.335684500339482 52.505118900117225, 13.335840799813127 52.505071500449446, 13.335910283467893 52.505041067864006) 
LINESTRING (13.320492299779858 52.512541700139423, 13.316388873352583 52.512358222477573) 
LINESTRING (13.321543299683583 52.512344799872665, 13.321689200296419 52.512266500398709, 13.322927900402306 52.511324400300907) 
LINESTRING (13.320983700137674 52.512475900342565, 13.321223800238215 52.512448800172024, 13.321418999886987 52.512394400181449, 13.321543299683583 52.512344799872665) 
LINESTRING (13.32290020038397 52.511380300360599, 13.322085599870604 52.512008500192167, 13.321725600356217 52.512280400320265, 13.321594300236825 52.512380100061648) 
LINESTRING (13.321594300236825 52.512380100061648, 13.321458900108212 52.512438900434972, 13.321282099689199 52.512500500397834, 13.321071300400263 52.512533299572169, 13.320878400317952 52.512542999659786, 13.320492299779858 52.512541700139423) 
LINESTRING (13.316400292073126 52.512163225968756, 13.32049219995514 52.512471999982893, 13.320983700137674 52.512475900342565) 
LINESTRING (13.325787099694935 52.504685100437086, 13.325427600203625 52.50470940011877, 13.325098100297168 52.504727700423075, 13.32365670019658 52.504807900164508, 13.323580300090839 52.504812099998446) 
LINESTRING (13.34218980031909 52.517005899702554, 13.342232500129853 52.516736499689785, 13.342253400374204 52.516124900443856, 13.342130400097915 52.515499799676093, 13.341690199942832 52.514615900103763, 13.341372000017827 52.514148499953365, 13.341024600005312 52.513710100240985, 13.34038820015536 52.513080199791432, 13.339655699650848 52.512511800379343, 13.338925299962682 52.51207420016425, 13.33814999982269 52.511653500009061, 13.336285699825225 52.510635599653256, 13.335663100072054 52.510235600092926, 13.335001100120735 52.509652399638583, 13.33425810003132 52.508784099706475) 
LINESTRING (13.341958099886426 52.518701299825182, 13.341995800365964 52.518513599622963, 13.342053199595512 52.518235399743958, 13.34225860025424 52.51729300017189, 13.342313199894306 52.517013999896221) 
LINESTRING (13.341827003526767 52.518719210805678, 13.341831100325066 52.518696599968166) 
LINESTRING (13.328682699946683 52.511028400140617, 13.32877359982183 52.511186800430551) 
LINESTRING (13.328988300369815 52.511370700097757, 13.328975799793398 52.511372999664275, 13.32892010028246 52.51138829983023) 
LINESTRING (13.335236799838469 52.511667899953693, 13.335127599659074 52.511464399562442, 13.33500350041129 52.511222200444251, 13.334492199855163 52.510210500014637) 
LINESTRING (13.334739400103274 52.510578099699615, 13.334763699784958 52.510625799740922, 13.335007100397434 52.511103400001957, 13.335062000411028 52.511211100112234, 13.335361999856445 52.511803999754818) 
LINESTRING (13.335903899845164 52.513245600404161, 13.335779699873285 52.512965100059375, 13.335641900353494 52.512691900410914, 13.335486900400156 52.512389200301413, 13.335189900193768 52.511820399791645) 
LINESTRING (13.332027999892318 52.505968799920254, 13.331786100248394 52.505700700327111, 13.331640099810784 52.505506700373985, 13.331552500447572 52.505343899701245, 13.331493299875945 52.505152899886468, 13.33140025187353 52.50472849135933) 
LINESTRING (13.322518199855097 52.504938399887294, 13.322055000437956 52.504966000080913, 13.32178689994555 52.504982599767231, 13.321428500325055 52.505023599859328, 13.321110599874316 52.505071799923655, 13.320640099760851 52.505125199868132) 
LINESTRING (13.332205900182203 52.505917999915823, 13.331954900298456 52.505691600087346, 13.331866200165052 52.505604200373625, 13.331795300312933 52.505507999894348, 13.331689299921322 52.505327499664418, 13.331616899999972 52.50513809974359, 13.331521698854095 52.504736908478343) 
LINESTRING (13.334379600238435 52.50874780037077, 13.333991799981618 52.508172899759586, 13.333828099986874 52.507927099755875, 13.333229200067592 52.507114199860496, 13.332660000258841 52.506336600154043, 13.332324300426194 52.50602479980472, 13.332205900182203 52.505917999915823) 
LINESTRING (13.341831100325066 52.518696599968166, 13.341866299789956 52.518502299641455, 13.34192369991888 52.518223999937675, 13.342129200402326 52.517281700190381, 13.34218980031909 52.517005899702554) 
